MINT_AUTHORITY="[
   36, 236,  50,  70,   4, 204, 164, 134,   3, 170, 249,
   58, 130,  54, 251, 194,  78, 134, 241,  33,  78,  79,
   61, 205, 150,  55, 234, 102, 251,  81, 149,   1,  75,
  127, 114, 102,  75, 237, 248,  23, 138, 134, 214,  86,
  223, 134,  81, 234, 229, 134,  90, 197,  35,  59, 228,
   65,  83,  11, 235,  43,  97, 207,  45, 167
]"
SECRET_KEY="[
  252,   3, 191,   2,  77, 232, 151,  33, 140,  59, 169,
  134,   6, 136,  45, 236, 180, 217, 219,  85, 186, 108,
   19, 146,  38, 227, 132, 206, 202, 154, 160,  22, 226,
   75, 208, 120, 234,   0, 204, 154,  65,  82, 172,  80,
  195,  33,  67, 211,  11, 197, 107,  47,  73, 214,  36,
   60, 118,  63, 163, 122,  78, 243, 143, 255
]"